0,53,26;60,26;60,39;61,39;60,39;52,39;52,51;44,51;43,50;33,50;33,56;20,63;20,66;25,72;25,80;12,80;12,79;18,88;18,87;18,88;18,91;5,91;5,71;16,52;28,39
1,43,50;33,50;33,56;20,63;20,66;25,72;25,80;12,80;12,79;18,88;18,87;18,88;18,91;5,91;5,71;16,52;28,39;53,26;60,26;60,39;61,39;60,39;52,39;52,51;44,51
0,18,88;18,87;18,88;18,91;5,91;5,71;16,52;28,39;53,26;60,26;60,39;61,39;60,39;52,39;52,51;44,51;43,50;33,50;33,56;20,63;20,66;25,72;25,80;12,80;12,79
0,12,79;12,80;25,80;25,72;20,66;20,63;33,56;33,50;43,50;44,51;52,51;52,39;60,39;61,39;60,39;60,26;53,26;28,39;16,52;5,71;5,91;18,91;18,88;18,87;18,88
0,53,26;60,26;60,39;61,39;60,39;52,39;52,51;44,51;43,50;33,50;33,56;20,63;20,66;25,72;25,80;12,80;12,79;18,88;18,87;18,88;18,91;33,91;33,76;44,65;59,54;61,54;61,47;61,54;80,62;80,57;87,50;76,50;68,45;68,36;84,36;84,34;84,36;68,36;68,46;93,46;93,26;72,26;72,27;67,20;56,20
1,59,54;61,54;61,47;61,54;80,62;80,57;87,50;76,50;68,45;68,36;84,36;84,34;84,36;68,36;68,46;93,46;93,26;72,26;72,27;67,20;56,20;53,26;60,26;60,39;61,39;60,39;52,39;52,51;44,51;43,50;33,50;33,56;20,63;20,66;25,72;25,80;12,80;12,79;18,88;18,87;18,88;18,91;33,91;33,76;44,65
0,51,18;51,16;50,16;51,16;51,8;44,8;44,18;98,21;114,21;114,11;98,11;98,12
0,128,11;128,19;133,19;138,26;138,35;129,35;119,38;119,31;129,31;129,22;119,22;119,11
1,128,11;128,19;133,19;138,26;138,35;150,37;150,45;162,45;162,41;161,41;162,41;162,45;174,45;174,32;182,32;192,28;198,31;198,43;210,43;210,46;210,43;202,43;194,28;182,28;182,19;193,19;194,17;179,17;167,26;162,38;162,37;156,26;144,17;133,11
0,210,46;210,43;202,43;194,28;182,28;182,19;193,19;194,17;179,17;167,26;162,38;162,37;156,26;144,17;133,11;128,11;128,19;133,19;138,26;138,35;150,37;150,45;162,45;162,41;161,41;162,41;162,45;174,45;174,32;182,32;192,28;198,31;198,43;210,43
0,210,43;198,43;198,31;192,28;182,32;174,32;174,45;162,45;162,41;162,41;161,41;162,45;150,45;150,37;138,35;138,26;133,19;128,19;128,11;133,11;144,17;156,26;162,37;162,38;167,26;179,17;194,17;193,19;182,19;182,28;194,28;202,43;210,43;210,46
1,38,79;43,79;43,86;55,86;55,90;51,91;51,102;56,107;56,109;59,110;45,110;45,121;38,121
0,110,62;115,62;115,67;109,67;101,77;101,79;109,81;109,84;102,84;109,84;109,81;68,81;68,91;103,91;110,89;116,89;116,88;116,96;116,89;104,89;97,94;97,96;91,102;92,103;91,102;98,98;110,102;121,102;121,82;112,82;112,73;121,73;121,59;110,59
0,68,91;103,91;110,89;116,89;116,88;116,96;116,89;104,89;97,94;97,96;91,102;92,103;91,102;98,98;110,102;121,102;121,82;112,82;112,73;121,73;121,59;110,59;110,62;115,62;115,67;109,67;101,77;101,79;109,81;109,84;102,84;109,84;109,81;68,81
1,68,81;109,81;109,84;102,84;109,84;109,81;101,79;101,77;109,67;115,67;115,62;110,62;110,59;121,59;121,73;112,73;112,82;121,82;121,102;110,102;98,98;91,102;92,103;91,102;97,96;97,94;104,89;116,89;116,96;116,88;116,89;110,89;103,91;68,91
0,181,80;171,80;162,73;162,70;166,70;166,67;157,67;157,64;166,64;166,61;159,61;166,61;166,64;157,64;157,67;166,67;166,70;162,70;162,76;144,76;138,76;138,65;155,59;169,59;181,71
0,147,102;147,100;150,90;145,82;178,82;178,88;199,88;199,83;199,88;178,88;178,98;190,98;190,109;198,109;198,112;198,109;187,109;187,114;176,114
1,176,114;187,114;187,109;198,109;198,112;198,109;190,109;190,98;178,98;178,88;199,88;199,83;199,88;178,88;178,82;145,82;150,90;147,100;147,102
0,10,5;38,14;38,33;9,36;16,18
0,190,59;228,64;228,118;203,128;182,128;207,120;206,107;194,102;210,97;208,75
0,94,23;116,23;116,44;149,51;153,64;124,59;97,48
1,87,74;36,74;36,92;28,126;6,126;6,93;31,90;31,72;66,56
0,60,119;102,109;112,115;131,99;146,109;162,125;116,129;50,124